PZ7180000000004_TX	FBpp0303346	81.48	27	5	0	918	998	569	595	5e-14	50.4
PZ7180000000004_TY	FBpp0291632	55.49	337	138	4	13	996	1	334	2e-112	 325
PZ7180000000067_AF	FBpp0113029	28.78	139	92	5	3	404	105	241	1e-18	67.4
PZ7180000000004_TZ	FBpp0290978	36.30	146	82	4	709	278	291	427	3e-20	78.6
PZ7180000031592	FBpp0073739	56.25	144	61	2	481	56	473	616	1e-52	 166
PZ1082_AB	FBpp0081312	43.09	123	66	2	4	363	190	311	3e-29	97.1
PZ342_JQ	FBpp0072303	45.97	124	66	1	24	395	353	475	1e-43	 140
PZ7180000027939	FBpp0083855	85.98	107	15	0	370	690	463	569	8e-107	 203
PZ7180000000447_A	FBpp0087286	53.19	47	21	1	232	369	32	78	3e-11	45.4
PZ7180000000447_B	FBpp0076748	46.79	109	52	4	2	322	164	268	2e-18	67.8
PZ11_FX	FBpp0087608	67.03	91	29	1	290	18	35	124	3e-37	 107
PZ7180000025471	FBpp0305487	39.51	367	217	4	37	1125	334	699	4e-71	 232
PZ7180000031599	FBpp0084210	29.41	85	49	2	507	283	318	401	3e-08	39.7
PZ640524	FBpp0082510	77.78	36	8	0	2	109	769	804	2e-16	64.3
PZ7180000000600_B	FBpp0304874	58.75	80	29	2	12	251	292	367	1e-26	94.0
PZ7180000025474	FBpp0083814	24.49	196	133	5	40	597	329	519	6e-22	81.3
PZ601258	FBpp0113058	58.59	128	47	2	385	2	50	171	4e-48	 145
PZ35181_B	FBpp0076776	57.63	59	23	1	42	218	209	265	1e-22	75.9
PZ7180000036154	FBpp0077396	38.41	151	77	4	105	509	1	151	2e-17	67.0
PZ7180000036156	FBpp0303662	49.23	130	53	3	587	237	2707	2836	3e-30	 108
PZ333_CO	FBpp0100005	42.37	59	34	0	52	228	88	146	1e-11	43.9
PZ7180000022523	FBpp0074596	24.47	331	230	6	79	1023	26	352	6e-34	 119
PZ605962	FBpp0087449	49.17	120	56	1	429	70	468	582	2e-35	 119
PZ625652_CJK	FBpp0075630	52.50	40	19	0	3	122	175	214	7e-13	48.5
PZ783221_AOC	FBpp0087744	56.47	85	37	0	1	255	267	351	2e-31	 105
PZ7180000022529	FBpp0087131	55.81	43	18	1	2	130	275	316	8e-11	49.3
PZ797650	FBpp0303869	89.11	101	11	0	3	305	88	188	2e-63	 189
PZ7180000019701	FBpp0081352	57.14	28	12	0	20	103	296	323	2e-08	40.0
PZ856513	FBpp0071743	56.38	149	62	1	3	449	106	251	4e-56	 180
PZ3202_E	FBpp0071046	74.07	27	7	0	344	424	324	350	9e-15	46.6
PZ4990_P	FBpp0075080	55.74	61	27	0	29	211	427	487	2e-23	81.3
PZ7180000036719_ARD	FBpp0087129	54.41	68	30	1	593	390	316	382	2e-20	75.5
PZ457464_ZN	FBpp0070457	60.87	23	9	0	112	44	330	352	2e-09	38.1
PZ7180000000146_L	FBpp0110508	27.11	166	90	4	1	492	67	203	1e-11	48.5
PZ922_U	FBpp0112109	26.87	67	43	1	232	414	365	431	4e-07	35.0
PZ7180000021471	FBpp0303016	50.42	353	166	5	1779	748	4	356	2e-116	 344
PZ1028_K	FBpp0082061	42.86	63	36	0	197	9	208	270	4e-13	52.8
PZ7180000021473	FBpp0079249	62.86	140	52	0	8	427	25	164	8e-61	 189
PZ7180000024771	FBpp0085720	99.03	103	1	0	849	541	323	425	1e-71	 219
PZ7180000021475	FBpp0078449	45.98	261	124	5	93	839	10	265	2e-79	 234
PZ7180000036480_AIJ	FBpp0290244	29.29	198	131	6	215	790	318	512	5e-18	71.2
PZ7180000032155	FBpp0111689	57.69	78	29	1	420	199	1026	1103	3e-28	 100
PZ7180000021479	FBpp0293240	75.74	169	39	1	774	1274	3	171	3e-70	 226
PZ7180000032158	FBpp0079536	67.11	76	25	0	229	2	71	146	2e-33	 108
PZ7180000024778	FBpp0071589	64.60	113	40	0	554	216	73	185	4e-56	 165
PZ670161	FBpp0075534	39.44	71	37	2	234	40	498	568	2e-12	50.4
PZ483608	FBpp0070431	43.16	95	42	3	194	460	121	209	1e-35	78.6
PZ7180000026036	FBpp0289635	31.65	158	94	7	1	471	370	514	3e-17	67.0
PZ7180000029335	FBpp0087711	34.31	102	55	4	387	88	515	606	5e-14	56.2
PZ7180000033594	FBpp0075178	45.00	120	66	0	902	543	1	120	7e-36	 115
PZ7180000033595	FBpp0075177	51.73	375	181	0	1126	2	1	375	4e-140	 399
PZ7180000029337	FBpp0072049	60.94	64	25	0	2	193	284	347	3e-25	87.4
PZ858769	FBpp0297227	51.91	131	49	2	355	2	240	369	3e-46	 144
PZ7180000024876_AYM	FBpp0074759	65.31	49	17	0	1031	885	161	209	4e-20	74.3
PZ7180000031001	FBpp0293582	39.05	105	55	2	3	302	242	342	1e-17	65.9
PZ7180000036896	FBpp0085801	65.73	248	82	2	147	890	21	265	2e-119	 340
PZ789897_ATR	FBpp0077855	86.26	131	18	0	394	2	43	173	1e-82	 239
PZ7180000000620_B	FBpp0086937	57.14	28	12	0	216	133	523	550	1e-09	41.2
PZ7180000031003	FBpp0302613	86.60	97	13	0	43	333	51	147	5e-34	 107
PZ488295	FBpp0305419	70.21	141	38	2	413	3	92	232	2e-72	 217
PZ7180000023623	FBpp0089188	59.75	159	62	1	1091	621	151	309	3e-64	 198
PZ7180000000653_B	FBpp0081239	33.23	313	202	4	1241	321	16	327	3e-70	 187
PZ545_OM	FBpp0290776	63.24	68	24	1	243	446	41	107	4e-25	83.2
PZ7180000000106_K	FBpp0292405	52.17	23	11	0	305	237	673	695	3e-10	35.0
PZ7180000000106_L	FBpp0078385	63.28	256	92	1	58	825	3	256	8e-118	 331
PZ7180000000686_B	FBpp0302888	42.86	91	52	0	667	395	369	459	1e-22	83.6
PZ7180000023628	FBpp0305784	71.56	109	31	0	1043	717	26	134	1e-55	 169
PZ7180000000106_N	FBpp0078124	48.31	89	45	1	17	280	466	554	4e-18	69.7
PZ790706	FBpp0087248	28.31	166	100	3	1	474	18	172	2e-17	63.9
PZ667690_CHO	FBpp0073243	52.78	72	34	0	370	155	521	592	7e-26	90.5
PZ455784_CBD	FBpp0088120	54.79	73	33	0	5	223	29	101	2e-26	84.3
PZ7180000000106_S	FBpp0084520	38.81	134	75	3	3	389	163	294	2e-26	90.9
PZ7180000028269_AFW	FBpp0076078	78.18	55	12	0	247	83	107	161	4e-30	95.5
PZ7180000000124_K	FBpp0080293	32.26	93	47	3	279	1	316	392	7e-10	42.0
PZ7180000000124_L	FBpp0078356	44.66	253	129	5	775	38	2	250	1e-49	 154
PZ21577_A	FBpp0301195	63.11	103	38	0	391	83	190	292	7e-44	 142
PZ7180000000157_L	FBpp0304769	52.73	256	112	2	770	6	1	248	4e-94	 270
PZ555871_APA	FBpp0075602	43.37	166	93	1	19	513	1112	1277	2e-41	 139
PZ7180000023665_ATQ	FBpp0073679	52.73	110	36	3	83	379	1260	1364	7e-20	76.3
PZ7180000026772	FBpp0078729	45.78	166	79	3	6	497	269	425	3e-46	 147
PZ7180000036376_BVQ	FBpp0079798	62.22	90	33	1	844	575	2	90	4e-37	 123
PZ7180000000613_B	FBpp0074713	38.30	47	29	0	155	15	81	127	1e-10	45.8
PZ7180000026775	FBpp0071034	62.69	134	49	1	623	225	437	570	3e-56	 178
PZ7180000000646_B	FBpp0073353	38.81	134	77	3	395	3	153	284	2e-31	 105
PZ33524_B	FBpp0076776	57.50	80	31	2	3	239	188	265	4e-29	94.7
PZ7180000027139	FBpp0085644	31.96	97	60	4	410	691	35	128	5e-10	42.0
PZ7180000021111_BJN	FBpp0078891	38.62	189	108	4	1020	466	1	185	2e-37	 112
PZ7180000023824	FBpp0082462	35.98	214	114	5	653	81	39	252	9e-25	88.2
PZ482783	FBpp0079584	50.00	26	13	0	308	385	214	239	1e-07	35.8
PZ7180000000117_K	FBpp0080387	41.96	143	83	0	478	50	146	288	1e-37	 122
PZ7180000037033_ADR	FBpp0081350	64.89	262	91	1	183	968	58	318	9e-133	 373
PZ7180000000117_L	FBpp0087997	36.29	124	72	2	973	623	204	327	2e-19	74.3
PZ4305_H	FBpp0084473	31.67	60	39	2	244	68	197	255	2e-07	33.5
PZ7180000028920	FBpp0075680	45.32	139	76	0	4	420	96	234	3e-46	 140
PZ7180000033007	FBpp0289354	30.00	80	52	2	2	235	218	295	1e-07	36.6
PZ7180000025627	FBpp0111932	44.14	222	99	2	736	131	1	217	8e-67	 199
PZ7180000028925	FBpp0303248	61.54	117	44	1	558	211	327	443	3e-60	 142
PZ469139	FBpp0304352	44.44	144	66	3	17	430	232	367	7e-38	 124
PZ7180000028926	FBpp0077896	23.66	131	82	5	49	429	22	138	7e-09	41.6
PZ568262	FBpp0289824	63.64	110	40	0	2	331	983	1092	2e-48	 156
PZ242_GO	FBpp0070430	46.67	105	52	2	362	48	165	265	1e-33	 108
PZ7180000023160	FBpp0087764	69.65	346	104	1	1318	284	201	546	1e-164	 468
PZ7180000028929	FBpp0086640	56.40	172	71	2	535	23	1156	1324	3e-60	 194
PZ429_KD	FBpp0099407	88.89	27	3	0	80	160	1	27	4e-15	53.9
PZ7180000023164	FBpp0070370	54.08	98	45	0	97	390	6	103	5e-32	 104
PZ7180000023168	FBpp0079753	78.84	189	40	0	206	772	1	189	5e-110	 307
PZ811270	FBpp0300801	79.17	24	5	0	186	115	8	31	6e-15	42.4
PZ7180000031119_BPI	FBpp0086570	37.50	112	64	3	43	366	3	112	3e-26	84.7
PZ7180000022949_ARX	FBpp0297145	26.25	80	53	2	34	255	512	591	5e-10	43.5
PZ1292_CC	FBpp0303028	55.22	67	30	0	204	4	174	240	9e-27	89.7
PZ439_Z	FBpp0083814	37.93	87	53	1	349	92	152	238	7e-13	52.0
PZ7180000030698	FBpp0087712	78.10	105	23	0	397	83	1	105	5e-57	 171
PZ838901	FBpp0070323	85.00	40	6	0	122	3	67	106	3e-32	84.7
PZ7180000034997_AIK	FBpp0290734	32.99	97	51	5	520	242	509	595	1e-09	46.2
PZ7180000035253	FBpp0292326	40.98	61	30	3	2	166	428	488	4e-11	48.5
PZ7180000021621	FBpp0082957	42.59	108	60	2	147	470	13	118	4e-27	92.8
PZ7180000000007_FB	FBpp0289517	37.93	203	118	2	762	169	19	218	2e-43	 141
PZ253_AE	FBpp0083468	39.68	63	32	3	329	153	410	470	4e-10	43.1
PZ7180000000036_AB	FBpp0089012	43.36	113	61	1	525	187	201	310	1e-30	 102
PZ7180000035257	FBpp0086344	46.43	140	73	1	208	627	16	153	7e-39	 126
PZ7180000000036_AC	FBpp0083935	50.13	373	176	4	101	1216	181	544	3e-120	 357
PZ7180000000036_AD	FBpp0305296	75.11	237	59	0	1372	662	302	538	3e-126	 379
PZ7180000000007_FE	FBpp0300612	62.11	256	79	6	802	62	40	286	1e-105	 300
PZ7180000000036_AE	FBpp0111521	29.41	68	48	0	378	175	400	467	9e-09	40.8
PZ7180000024922	FBpp0304317	38.89	216	130	1	691	50	1	216	1e-58	 177
PZ7180000000007_SC	FBpp0082806	49.54	109	55	0	2	328	76	184	2e-36	 115
PZ7180000000007_FF	FBpp0081328	63.41	41	15	0	49	171	144	184	1e-15	57.4
PZ7180000000007_FG	FBpp0082250	52.94	153	65	5	3	461	31	176	2e-51	 146
PZ7180000000036_AH	FBpp0290084	32.73	165	94	3	707	240	223	379	3e-20	75.5
PZ7180000021627	FBpp0075382	70.45	264	76	2	159	947	8	270	3e-132	 370
PZ7180000024925	FBpp0301157	54.97	171	74	2	259	762	308	478	8e-54	 176
PZCAP3788220_A	FBpp0076732	40.91	88	52	0	37	300	5	92	1e-23	76.3
PZ7180000036214_ABF	FBpp0085717	95.58	113	5	0	298	636	13	125	2e-78	 224
PZ7180000000007_SF	FBpp0070963	59.04	83	34	0	262	14	595	677	2e-31	 106
PZ7180000000007_FI	FBpp0081290	91.80	183	15	0	54	602	1	183	2e-124	 352
PZ7180000000036_AI	FBpp0071303	46.05	152	80	2	1	453	162	312	5e-43	 135
PZ7180000000007_SG	FBpp0305072	82.72	243	42	0	952	224	375	617	6e-154	 439
PZ7180000000007_FJ	FBpp0077492	60.00	60	23	1	647	471	89	148	4e-21	73.6
PZ7180000000036_AJ	FBpp0082519	49.28	69	35	0	1	207	544	612	2e-19	73.6
PZ7180000000007_SH	FBpp0072691	75.00	36	9	0	487	380	281	316	3e-15	58.9
PZ7180000000007_FK	FBpp0070814	49.57	117	59	0	233	583	5	121	4e-38	 123
PZ7180000000036_AK	FBpp0078440	53.74	147	66	1	16	450	4	150	9e-55	 166
PZ7180000000699_B	FBpp0077481	29.46	112	69	2	803	468	27	128	5e-26	67.8
PZ7180000000007_FL	FBpp0303628	82.18	101	18	0	431	129	303	403	3e-43	 137
PZ3722_F	FBpp0072009	63.49	63	23	0	3	191	95	157	8e-18	60.8
PZ7180000000036_AM	FBpp0293062	31.35	185	125	2	663	109	226	408	3e-58	 101
PZ7180000023838_ADP	FBpp0100182	60.45	134	51	1	955	560	242	375	4e-54	 138
PZ7180000000007_FN	FBpp0073747	40.29	139	77	4	2	409	5	140	3e-26	89.7
PZ7180000034590_ACG	FBpp0082645	86.93	176	23	0	712	185	42	217	8e-107	 301
PZ7180000000036_AP	FBpp0293503	100.00	124	0	0	2	373	26	149	4e-87	 249
PZ24494_B	FBpp0080715	40.67	150	74	4	448	2	58	193	5e-33	 109
PZ7180000000007_FQ	FBpp0292780	69.23	78	24	0	430	197	31	108	3e-40	 121
PZ7180000000036_AQ	FBpp0076604	39.77	435	233	10	12	1301	1	411	3e-97	 291
PZ782616	FBpp0292137	60.00	35	14	0	286	390	285	319	1e-12	52.0
PZ7180000000007_SO	FBpp0292313	44.85	136	71	2	5	406	410	543	1e-33	 112
PZ7180000033745	FBpp0298273	77.48	222	46	1	1776	1111	1	218	7e-130	 371
PZ7180000032684_APM	FBpp0288569	64.02	214	77	0	642	1	1	214	9e-101	 286
PZ7180000000137_L	FBpp0087997	45.63	103	48	4	305	3	184	280	1e-21	75.9
PZ7180000000007_ST	FBpp0300843	51.91	131	60	2	450	61	358	486	2e-34	 115
PZ7180000000036_AX	FBpp0085807	58.58	169	70	0	815	309	224	392	8e-67	 206
PZ7180000000007_FY	FBpp0076532	37.50	40	25	0	148	29	245	284	6e-13	40.8
PZ643162	FBpp0302642	57.14	35	15	0	29	133	429	463	6e-12	48.1
PZ646032_ALB	FBpp0082069	33.33	111	70	2	33	353	44	154	3e-15	59.3
PZ7180000000007_FZ	FBpp0076520	64.80	125	42	2	179	550	10	133	3e-41	 133
PZ1838_AC	FBpp0300995	30.67	150	100	4	67	510	444	591	1e-21	79.7
PZ3722_S	FBpp0084522	50.00	32	14	1	106	17	164	195	2e-07	32.7
PZ7180000031281	FBpp0083872	61.19	134	52	0	402	1	16	149	7e-65	 193
PZ810575	FBpp0076921	90.48	21	2	0	2	64	223	243	1e-10	40.4
PZ607198	FBpp0081475	73.08	26	7	0	167	244	7	32	9e-09	39.3
PZ843720	FBpp0289353	51.22	41	14	2	294	407	26	63	4e-07	34.7
PZ850208	FBpp0086720	49.46	93	43	2	280	14	168	260	2e-26	89.7
PZ7180000028460	FBpp0079550	48.48	33	17	0	615	517	362	394	2e-09	43.1
PZ3268_P	FBpp0075080	52.44	82	39	0	270	25	419	500	3e-30	 100
PZ696922	FBpp0085325	41.84	98	57	0	101	394	338	435	1e-33	97.1
PZ549109	FBpp0080431	43.33	30	17	0	117	28	78	107	2e-07	35.0
PZ7180000025167	FBpp0072088	35.42	48	31	0	377	520	313	360	5e-08	40.8
PZ7180000022210	FBpp0077884	68.57	105	33	0	5	319	190	294	9e-41	 132
PZ7180000020398_AKD	FBpp0071273	73.33	75	20	0	712	488	916	990	2e-37	 130
PZ7180000035991	FBpp0086334	34.78	69	45	0	314	108	119	187	4e-08	38.5
PZCAP3Contig3_A	FBpp0075571	46.34	41	21	1	309	431	372	411	2e-09	42.4
PZ7180000029691_BSW	FBpp0087438	36.59	123	61	2	474	124	995	1106	4e-29	90.5
PZ7180000031240_BYU	FBpp0070886	50.00	36	17	1	1	105	487	522	3e-08	38.5
PZ7180000000677_B	FBpp0071839	40.30	67	40	0	486	286	446	512	3e-15	59.7
PZ7180000026924	FBpp0301992	58.02	81	34	0	243	1	574	654	2e-51	 113
PZ1433_U	FBpp0072149	35.97	139	85	2	409	2	125	262	3e-27	93.6
PZ7180000031041_AAT	FBpp0088396	87.39	119	15	0	406	50	1	119	8e-75	 222
PZ7180000026927	FBpp0074995	26.81	138	86	4	517	119	595	722	5e-12	52.0
PZ7180000034843	FBpp0073982	48.02	177	89	1	485	1015	223	396	6e-73	 176
PZ7180000026928	FBpp0305750	78.81	151	32	0	6	458	165	315	8e-89	 260
PZ7180000020379_AMD	FBpp0081197	50.26	191	68	4	6	566	88	255	2e-58	 180
PZ7180000021830_AEN	FBpp0304769	57.45	47	20	0	48	188	202	248	4e-16	60.5
PZ7180000034844	FBpp0073982	62.37	93	35	0	1	279	304	396	8e-39	 127
PZ7180000000014_CA	FBpp0077368	62.73	220	79	1	757	98	6	222	9e-105	 297
PZ7180000034845	FBpp0073982	61.76	34	13	0	6	107	363	396	3e-10	45.8
PZ7180000000014_CB	FBpp0086735	32.24	304	191	5	68	946	7	306	1e-50	 163
PZ7180000021164	FBpp0305555	94.06	303	18	0	1	909	799	1101	0.0	 606
PZ7180000000014_CD	FBpp0081800	39.09	110	65	1	637	314	241	350	4e-22	79.7
PZ7180000034849	FBpp0071818	48.47	196	91	3	83	661	1	189	1e-51	 164
PZ7180000021167	FBpp0305049	66.67	66	22	0	1309	1112	139	204	2e-28	98.6
PZ7180000021168	FBpp0304385	55.10	49	22	0	622	476	249	297	4e-16	62.0
PZ7180000000014_CH	FBpp0078248	40.91	132	66	5	373	2	44	171	1e-12	49.3
PZ7180000021169	FBpp0083729	32.42	327	171	7	1101	124	4	281	2e-47	 155
PZ7180000000014_CK	FBpp0079454	35.65	230	141	3	697	8	373	595	2e-36	 126
PZ2516_H	FBpp0084473	31.67	60	39	2	113	289	197	255	2e-07	33.5
PZ32131_B	FBpp0076776	52.63	95	42	2	180	461	165	257	6e-29	96.3
PZ7180000024469	FBpp0086640	59.90	197	78	1	189	776	1441	1637	1e-77	 248
PZ7180000000014_CL	FBpp0292069	56.79	162	68	1	1	480	159	320	2e-58	 176
PZ7180000000014_CM	FBpp0292990	72.57	113	31	0	867	529	137	249	9e-58	 176
PZ7180000000014_CN	FBpp0071463	39.10	133	67	4	499	116	323	446	3e-29	 100
PZ7180000000014_CO	FBpp0071778	44.59	74	40	1	395	174	72	144	5e-21	72.8
PZ7180000033282	FBpp0082301	44.83	87	39	2	6	239	419	505	8e-20	73.9
PZ7180000000014_CP	FBpp0082596	44.83	29	16	0	395	309	394	422	3e-07	35.4
PZ3961_L	FBpp0073988	70.69	116	33	1	349	5	7	122	2e-41	 134
PZ7180000033283	FBpp0082301	58.06	31	13	0	30	122	475	505	5e-09	40.8
PZ7180000000014_CQ	FBpp0304260	75.65	115	28	0	3	347	327	441	6e-64	 194
PZ7180000033284	FBpp0082301	58.06	31	13	0	1	93	475	505	7e-09	40.4
PZ648464	FBpp0084117	63.04	46	17	0	237	100	417	462	7e-19	68.9
PZ7180000000014_CS	FBpp0073422	42.63	319	169	8	62	997	8	319	1e-81	 244
PZ7180000020011	FBpp0080250	31.94	72	45	2	38	253	215	282	1e-08	40.4
PZ7180000020012	FBpp0074058	88.02	167	20	0	2222	1722	1	167	9e-106	 312
PZ722_LQ	FBpp0079536	80.00	45	9	0	429	295	187	231	3e-25	85.5
PZ7180000020014	FBpp0293227	73.58	352	93	0	2	1057	229	580	5e-179	 507
PZ7180000000014_CW	FBpp0087096	77.14	350	80	0	2	1051	161	510	0.0	 548
